0 0.126374 0.282958 0.079365 0.128617
0 0.315018 0.446141 0.092796 0.127010
0 0.316239 0.282958 0.083028 0.118971
0 0.412088 0.442926 0.076923 0.117363
0 0.699634 0.443730 0.083028 0.128617
0 0.793651 0.597267 0.068376 0.117363
0 0.797314 0.757235 0.083028 0.122186
0 0.123321 0.907556 0.090354 0.114148
0 0.413919 0.905145 0.075702 0.109325
0 0.509158 0.911576 0.070818 0.109325
0 0.322344 0.748392 0.090354 0.133441
0 0.414530 0.754019 0.081807 0.118971
0 0.512210 0.596463 0.069597 0.125402
0 0.217338 0.594051 0.080586 0.130225
0 0.607448 0.899518 0.084249 0.123794
0 0.698413 0.909164 0.075702 0.117363
0 0.802198 0.903537 0.080586 0.122186
0 0.894383 0.908360 0.081807 0.106109
1 0.221612 0.284566 0.084249 0.122186
1 0.414530 0.283762 0.081807 0.110932
1 0.501832 0.278135 0.087912 0.118971
1 0.594017 0.282154 0.098901 0.114148
1 0.700244 0.277331 0.074481 0.101286
1 0.788767 0.438103 0.075702 0.114148
1 0.611111 0.593248 0.084249 0.135048
1 0.604396 0.438907 0.065934 0.115756
1 0.506105 0.430064 0.091575 0.114148
1 0.219170 0.436495 0.079365 0.127010
1 0.120269 0.436495 0.089133 0.127010
1 0.120269 0.603698 0.096459 0.152733
1 0.128205 0.745981 0.068376 0.125402
1 0.219170 0.750804 0.076923 0.122186
1 0.223443 0.913987 0.075702 0.117363
1 0.310745 0.908360 0.079365 0.122186
1 0.506716 0.753215 0.078144 0.117363
1 0.603785 0.590836 0.079365 0.130225
1 0.603785 0.433280 0.084249 0.117363
