0 0.104962 0.274590 0.082697 0.113115
0 0.500636 0.268033 0.082697 0.126230
0 0.311069 0.428689 0.082697 0.119672
0 0.503817 0.432787 0.089059 0.121311
0 0.512087 0.595902 0.077608 0.119672
0 0.311705 0.758197 0.081425 0.129508
0 0.694020 0.762295 0.113232 0.114754
0 0.207379 0.918852 0.081425 0.116393
0 0.609415 0.910656 0.094148 0.126230
1 0.300891 0.280328 0.077608 0.114754
1 0.204835 0.434426 0.086514 0.118033
1 0.614504 0.427049 0.081425 0.119672
1 0.202290 0.589344 0.089059 0.113115
1 0.409033 0.589344 0.077608 0.113115
1 0.608142 0.592623 0.078880 0.119672
1 0.111323 0.755738 0.097964 0.118033
1 0.507634 0.746721 0.086514 0.106557
1 0.685751 0.114754 0.076336 0.131148
