0 0.100512 0.260757 0.096031 0.118761
0 0.301536 0.267642 0.083227 0.129088
0 0.101793 0.433735 0.083227 0.123924
0 0.398848 0.439759 0.088348 0.125645
0 0.094750 0.765921 0.084507 0.099828
0 0.297695 0.934596 0.101152 0.113597
1 0.403969 0.271084 0.085787 0.125645
1 0.597311 0.257315 0.090909 0.139415
1 0.805378 0.264200 0.079385 0.104991
1 0.201665 0.431153 0.096031 0.129088
1 0.294494 0.592083 0.079385 0.141136
1 0.298976 0.761618 0.078105 0.122203
1 0.398207 0.763339 0.079385 0.104991
1 0.498720 0.932874 0.072983 0.110155
1 0.711908 0.771945 0.081946 0.132530
1 0.500000 0.601549 0.085787 0.122203
