0 0.077333 0.152259 0.088000 0.147348
0 0.299333 0.147348 0.100000 0.157171
0 0.294000 0.342829 0.078667 0.163065
0 0.395333 0.339882 0.078667 0.157171
0 0.709333 0.342829 0.085333 0.139489
0 0.182667 0.523576 0.082667 0.155206
0 0.825333 0.525540 0.088000 0.159136
0 0.282000 0.724951 0.086667 0.141454
0 0.601333 0.719057 0.080000 0.137525
0 0.812000 0.720039 0.109333 0.147348
0 0.718667 0.718075 0.066667 0.127701
0 0.075333 0.918468 0.084000 0.135560
0 0.397333 0.908644 0.096000 0.155206
0 0.497333 0.902750 0.106667 0.155206
1 0.186000 0.140472 0.092000 0.139489
1 0.393333 0.143418 0.077333 0.125737
1 0.497333 0.138507 0.080000 0.131631
1 0.079333 0.340864 0.089333 0.131631
1 0.192000 0.330059 0.077333 0.117878
1 0.502667 0.324165 0.080000 0.113949
1 0.608667 0.305501 0.097333 0.100196
1 0.078000 0.521611 0.094667 0.143418
1 0.286000 0.524558 0.094667 0.133595
1 0.084667 0.715128 0.089333 0.149312
1 0.183333 0.903733 0.092000 0.137525
1 0.286000 0.911591 0.081333 0.137525
