0 0.111111 0.275128 0.089400 0.141397
0 0.311622 0.264055 0.081737 0.112436
0 0.404853 0.424191 0.081737 0.129472
0 0.109195 0.432709 0.080460 0.112436
0 0.107918 0.598807 0.077905 0.117547
0 0.115581 0.759796 0.085568 0.122658
0 0.109195 0.927598 0.077905 0.110733
0 0.309068 0.933560 0.079183 0.129472
0 0.617497 0.437819 0.060026 0.122658
0 0.707535 0.599659 0.086845 0.126065
0 0.616220 0.762351 0.085568 0.090290
0 0.727969 0.913969 0.086845 0.097104
0 0.925926 0.764906 0.102171 0.156729
1 0.204342 0.435264 0.084291 0.103918
1 0.312899 0.594549 0.086845 0.132879
1 0.211367 0.758944 0.088123 0.127768
1 0.307152 0.767462 0.085568 0.134583
1 0.410600 0.775980 0.080460 0.117547
1 0.602171 0.262351 0.085568 0.143101
1 0.814815 0.258092 0.079183 0.124361
1 0.917625 0.593697 0.095785 0.131175
1 0.722222 0.759796 0.100894 0.109029
1 0.511494 0.924191 0.098340 0.127768
1 0.587484 0.097104 0.074074 0.156729
