0 0.118149 0.257048 0.085262 0.116086
0 0.310597 0.420398 0.087698 0.131012
0 0.506699 0.275290 0.097442 0.132670
0 0.503045 0.419569 0.075518 0.109453
0 0.327649 0.754561 0.080390 0.142620
0 0.205847 0.920398 0.099878 0.109453
0 0.591352 0.915423 0.098660 0.119403
0 0.194884 0.104478 0.080390 0.122720
1 0.305725 0.266169 0.085262 0.121061
1 0.599878 0.431177 0.076736 0.119403
1 0.599269 0.590381 0.077954 0.119403
1 0.212546 0.597015 0.081608 0.126036
1 0.117540 0.752902 0.088916 0.132670
1 0.502436 0.756219 0.084044 0.126036
