0 0.104637 0.281667 0.086466 0.116667
0 0.307644 0.274167 0.068922 0.138333
0 0.301378 0.443333 0.068922 0.126667
0 0.400376 0.444167 0.081454 0.111667
0 0.696115 0.437500 0.091479 0.105000
0 0.209900 0.605000 0.068922 0.126667
0 0.506892 0.602500 0.073935 0.118333
0 0.788847 0.602500 0.104010 0.121667
0 0.298872 0.764167 0.086466 0.138333
0 0.598371 0.763333 0.076441 0.116667
0 0.699875 0.768333 0.073935 0.143333
0 0.805138 0.760833 0.071429 0.118333
0 0.105263 0.925833 0.077694 0.105000
0 0.402256 0.926667 0.077694 0.110000
0 0.491228 0.922500 0.082707 0.121667
0 0.595865 0.923333 0.071429 0.110000
0 0.697995 0.922500 0.070175 0.111667
0 0.798246 0.928333 0.077694 0.113333
1 0.199248 0.271667 0.085213 0.116667
1 0.401003 0.278333 0.075188 0.123333
1 0.498747 0.275833 0.080201 0.091667
1 0.600251 0.281667 0.092732 0.110000
1 0.696115 0.277500 0.078947 0.115000
1 0.107769 0.440833 0.085213 0.131667
1 0.203634 0.443333 0.091479 0.100000
1 0.502506 0.439167 0.072682 0.111667
1 0.595865 0.442500 0.088972 0.128333
1 0.790100 0.436667 0.083960 0.146667
1 0.107769 0.608333 0.085213 0.133333
1 0.397243 0.605000 0.067669 0.110000
1 0.307018 0.609167 0.080201 0.118333
1 0.602130 0.606667 0.083960 0.133333
1 0.106516 0.756667 0.090226 0.126667
1 0.200501 0.770000 0.067669 0.113333
1 0.503759 0.775833 0.082707 0.108333
1 0.199875 0.920000 0.078947 0.120000
1 0.303885 0.927500 0.083960 0.111667
1 0.677945 0.106667 0.085213 0.153333
