0 0.101004 0.260762 0.089084 0.114238
0 0.300502 0.264073 0.084065 0.114238
0 0.107277 0.432119 0.096612 0.115894
0 0.393350 0.420530 0.091593 0.135762
0 0.107277 0.746689 0.101631 0.119205
0 0.302384 0.907285 0.092848 0.115894
1 0.402133 0.262417 0.084065 0.117550
1 0.594730 0.265728 0.087829 0.124172
1 0.802384 0.269040 0.084065 0.124172
1 0.893350 0.586921 0.092848 0.130795
1 0.698243 0.746689 0.086575 0.125828
1 0.498745 0.586093 0.089084 0.119205
1 0.409034 0.751656 0.080301 0.115894
1 0.305521 0.751656 0.086575 0.115894
1 0.515056 0.919702 0.089084 0.104305
1 0.208281 0.423841 0.080301 0.119205
